Laser.ranges[0] : 2.33465 [m] 
Laser.ranges[1] : 2.33465 [m] 
Laser.ranges[2] : 2.33465 [m] 
Laser.ranges[3] : 2.33465 [m] 
Laser.ranges[4] : 2.33465 [m] 
Laser.ranges[5] : 2.33465 [m] 
Laser.ranges[6] : 2.33465 [m] 
Laser.ranges[7] : 2.33465 [m] 
Laser.ranges[8] : 2.33465 [m] 
Laser.ranges[9] : 2.33465 [m] 
Laser.ranges[10] : 2.33465 [m] 


Laser.ranges[11] : 3.41764 [m] 
Laser.ranges[12] : 3.14592 [m] 
Laser.ranges[13] : 2.92514 [m] 
Laser.ranges[14] : 2.73581 [m] 
Laser.ranges[15] : 2.56315 [m] 

Laser.ranges[16] : 2.47204 [m] 
Laser.ranges[17] : 2.48156 [m] 
Laser.ranges[18] : 2.48586 [m] 
Laser.ranges[19] : 2.51883 [m] 
Laser.ranges[20] : 2.5233 [m] 
Laser.ranges[21] : 2.55223 [m] 
Laser.ranges[22] : 2.58224 [m] 
Laser.ranges[23] : 2.59542 [m] 
Laser.ranges[24] : 2.61299 [m] 
Laser.ranges[25] : 2.62414 [m] 
Laser.ranges[26] : 2.6485 [m] 
Laser.ranges[27] : 2.67049 [m] 
Laser.ranges[28] : 2.69848 [m] 
Laser.ranges[29] : 2.72828 [m] 
Laser.ranges[30] : 2.75561 [m] 
Laser.ranges[31] : 2.78624 [m] 
Laser.ranges[32] : 2.81252 [m] 
Laser.ranges[33] : 2.84162 [m] 
Laser.ranges[34] : 2.85994 [m]

Laser.ranges[35] : 2.85994 [m] 
Laser.ranges[36] : 2.85994 [m] 
Laser.ranges[37] : 2.85994 [m] 

Laser.ranges[180] : inf [m] 
Laser.ranges[181] : inf [m] 
Laser.ranges[182] : inf [m] 
Laser.ranges[183] : inf [m] 


Laser.ranges[287] : inf [m] 
Laser.ranges[288] : inf [m] 
Laser.ranges[289] : inf [m] 

Laser.ranges[290] : 2.50578 [m] 
Laser.ranges[291] : 2.36446 [m] 
Laser.ranges[292] : 2.29004 [m] 
Laser.ranges[293] : 2.19642 [m] 
Laser.ranges[294] : 2.0992 [m] 
Laser.ranges[295] : 2.02625 [m] 
Laser.ranges[296] : 1.95763 [m] 
Laser.ranges[297] : 1.88648 [m] 
Laser.ranges[298] : 1.81164 [m] 
Laser.ranges[299] : 1.77571 [m] 

Laser.ranges[300] : 1.7147 [m] 
Laser.ranges[301] : 1.66118 [m] 
Laser.ranges[302] : 1.71178 [m] 
Laser.ranges[303] : 1.71811 [m] 
Laser.ranges[304] : 1.73303 [m] 
Laser.ranges[305] : 1.75068 [m] 
Laser.ranges[306] : 1.77742 [m] 
Laser.ranges[307] : 1.82526 [m] 
Laser.ranges[308] : 1.8342 [m] 
Laser.ranges[309] : 1.84663 [m] 
Laser.ranges[310] : 1.86888 [m] 
Laser.ranges[311] : 1.89684 [m] 
Laser.ranges[312] : 1.93692 [m] 
Laser.ranges[313] : 1.9685 [m] 
Laser.ranges[314] : 1.99157 [m] 
Laser.ranges[315] : 2.02279 [m] 
Laser.ranges[316] : 2.08197 [m] 
Laser.ranges[317] : 2.1223 [m] 
Laser.ranges[318] : 2.15759 [m] 
Laser.ranges[319] : 2.19187 [m] 
Laser.ranges[320] : 2.24928 [m] 
Laser.ranges[321] : 2.28507 [m] 

Laser.ranges[322] : 2.33465 [m] 
Laser.ranges[323] : 2.33465 [m] 
Laser.ranges[324] : 2.33465 [m] 



Laser.ranges[356] : 2.33465 [m] 
Laser.ranges[357] : 2.33465 [m] 
Laser.ranges[358] : 2.33465 [m] 
Laser.ranges[359] : 2.33465 [m] 
